0.015625 0.015625 -0.400068 -0.396414 0.006209
0.015625 0.031250 -0.798484 -0.393393 0.012388
0.015625 0.046875 -1.193091 -0.387638 0.018502
0.015625 0.062500 -1.580815 -0.378225 0.024502
0.015625 0.078125 -1.957432 -0.364169 0.030322
0.015625 0.093750 -2.317613 -0.344704 0.035882
0.015625 0.109375 -2.655327 -0.319567 0.041094
0.015625 0.125000 -2.964545 -0.289177 0.045868
0.015625 0.140625 -3.240099 -0.254617 0.050130
0.015625 0.156250 -3.478377 -0.217400 0.053825
0.015625 0.171875 -3.677608 -0.179101 0.056924
0.015625 0.187500 -3.837681 -0.141027 0.059422
0.015625 0.203125 -3.959644 -0.104003 0.061331
0.015625 0.218750 -4.045096 -0.068326 0.062672
0.015625 0.234375 -4.095614 -0.033826 0.063466
0.015625 0.250000 -4.112319 0.000000 0.063729
0.015625 0.265625 -4.095614 0.033826 0.063466
0.015625 0.281250 -4.045096 0.068327 0.062672
0.015625 0.296875 -3.959644 0.104004 0.061331
0.015625 0.312500 -3.837680 0.141027 0.059422
0.015625 0.328125 -3.677607 0.179102 0.056924
0.015625 0.343750 -3.478376 0.217400 0.053825
0.015625 0.359375 -3.240098 0.254617 0.050130
0.015625 0.375000 -2.964545 0.289177 0.045868
0.015625 0.390625 -2.655326 0.319567 0.041094
0.015625 0.406250 -2.317612 0.344704 0.035882
0.015625 0.421875 -1.957431 0.364169 0.030322
0.015625 0.437500 -1.580814 0.378225 0.024502
0.015625 0.453125 -1.193090 0.387638 0.018502
0.015625 0.468750 -0.798483 0.393392 0.012388
0.015625 0.484375 -0.400068 0.396413 0.006209
0.031250 0.015625 -0.408036 -0.798484 0.012502
0.031250 0.031250 -0.815088 -0.793023 0.024953
0.031250 0.046875 -1.219538 -0.782332 0.037284
0.031250 0.062500 -1.618569 -0.764341 0.049400
0.031250 0.078125 -2.007804 -0.736798 0.061170
0.031250 0.093750 -2.381266 -0.697896 0.072425
0.031250 0.109375 -2.731839 -0.646932 0.082979
0.031250 0.125000 -3.052230 -0.584772 0.092642
0.031250 0.140625 -3.336248 -0.513832 0.101253
0.031250 0.156250 -3.579860 -0.437509 0.108699
0.031250 0.171875 -3.781547 -0.359304 0.114925
0.031250 0.187500 -3.941919 -0.282036 0.119928
0.031250 0.203125 -4.062934 -0.207416 0.123739
0.031250 0.218750 -4.147043 -0.135970 0.126409
0.031250 0.234375 -4.196483 -0.067222 0.127988
0.031250 0.250000 -4.212784 0.000000 0.128510
0.031250 0.265625 -4.196483 0.067222 0.127988
0.031250 0.281250 -4.147043 0.135970 0.126409
0.031250 0.296875 -4.062934 0.207416 0.123739
0.031250 0.312500 -3.941919 0.282036 0.119927
0.031250 0.328125 -3.781546 0.359304 0.114925
0.031250 0.343750 -3.579859 0.437509 0.108699
0.031250 0.359375 -3.336247 0.513832 0.101253
0.031250 0.375000 -3.052230 0.584772 0.092642
0.031250 0.390625 -2.731838 0.646932 0.082979
0.031250 0.406250 -2.381266 0.697896 0.072425
0.031250 0.421875 -2.007803 0.736798 0.061170
0.031250 0.437500 -1.618568 0.764341 0.049400
0.031250 0.453125 -1.219537 0.782331 0.037284
0.031250 0.468750 -0.815088 0.793022 0.024953
0.031250 0.484375 -0.408035 0.798483 0.012502
0.046875 0.015625 -0.420589 -1.211502 0.018960
0.046875 0.031250 -0.841456 -1.204895 0.037859
0.046875 0.046875 -1.262025 -1.191119 0.056613
0.046875 0.062500 -1.680057 -1.166491 0.075082
0.046875 0.078125 -2.090999 -1.126866 0.093065
0.046875 0.093750 -2.487732 -1.068740 0.110296
0.046875 0.109375 -2.861040 -0.990531 0.126464
0.046875 0.125000 -3.201075 -0.893585 0.141251
0.046875 0.140625 -3.499550 -0.782247 0.154388
0.046875 0.156250 -3.751667 -0.662699 0.165696
0.046875 0.171875 -3.956548 -0.541161 0.175097
0.046875 0.187500 -4.116328 -0.422414 0.182607
0.046875 0.203125 -4.234742 -0.309127 0.188298
0.046875 0.218750 -4.315826 -0.201876 0.192267
0.046875 0.234375 -4.362986 -0.099567 0.194606
0.046875 0.250000 -4.378450 0.000000 0.195379
0.046875 0.265625 -4.362986 0.099567 0.194606
0.046875 0.281250 -4.315826 0.201876 0.192267
0.046875 0.296875 -4.234742 0.309128 0.188298
0.046875 0.312500 -4.116327 0.422415 0.182607
0.046875 0.328125 -3.956547 0.541161 0.175097
0.046875 0.343750 -3.751667 0.662699 0.165696
0.046875 0.359375 -3.499549 0.782247 0.154388
0.046875 0.375000 -3.201075 0.893585 0.141251
0.046875 0.390625 -2.861040 0.990531 0.126464
0.046875 0.406250 -2.487731 1.068740 0.110296
0.046875 0.421875 -2.090999 1.126866 0.093065
0.046875 0.437500 -1.680056 1.166490 0.075082
0.046875 0.453125 -1.262025 1.191118 0.056613
0.046875 0.468750 -0.841456 1.204894 0.037859
0.046875 0.484375 -0.420589 1.211501 0.018960
0.062500 0.015625 -0.436477 -1.639940 0.025646
0.062500 0.031250 -0.875291 -1.634459 0.051248
0.062500 0.046875 -1.317660 -1.620932 0.076722
0.062500 0.062500 -1.762510 -1.593315 0.101902
0.062500 0.078125 -2.205310 -1.544473 0.126513
0.062500 0.093750 -2.637263 -1.467937 0.150167
0.062500 0.109375 -3.045572 -1.360276 0.172386
0.062500 0.125000 -3.415615 -1.223281 0.192676
0.062500 0.140625 -3.735099 -1.064424 0.210614
0.062500 0.156250 -3.998051 -0.894507 0.225939
0.062500 0.171875 -4.205157 -0.723964 0.238567
0.062500 0.187500 -4.361522 -0.560231 0.248563
0.062500 0.203125 -4.473980 -0.406914 0.256075
0.062500 0.218750 -4.549097 -0.264213 0.261279
0.062500 0.234375 -4.592023 -0.129846 0.264331
0.062500 0.250000 -4.605970 0.000000 0.265337
0.062500 0.265625 -4.592023 0.129846 0.264331
0.062500 0.281250 -4.549097 0.264214 0.261279
0.062500 0.296875 -4.473980 0.406914 0.256075
0.062500 0.312500 -4.361522 0.560231 0.248563
0.062500 0.328125 -4.205157 0.723964 0.238567
0.062500 0.343750 -3.998050 0.894507 0.225939
0.062500 0.359375 -3.735099 1.064424 0.210614
0.062500 0.375000 -3.415615 1.223281 0.192676
0.062500 0.390625 -3.045571 1.360276 0.172386
0.062500 0.406250 -2.637262 1.467937 0.150167
0.062500 0.421875 -2.205309 1.544473 0.126513
0.062500 0.437500 -1.762510 1.593314 0.101902
0.062500 0.453125 -1.317660 1.620932 0.076722
0.062500 0.468750 -0.875290 1.634458 0.051248
0.062500 0.484375 -0.436477 1.639939 0.025646
0.078125 0.015625 -0.453628 -2.086793 0.032600
0.078125 0.031250 -0.912698 -2.086078 0.065212
0.078125 0.046875 -1.381323 -2.078338 0.097789
0.078125 0.062500 -1.860676 -2.054140 0.130160
0.078125 0.078125 -2.346972 -2.001619 0.161981
0.078125 0.093750 -2.829417 -1.909002 0.192711
0.078125 0.109375 -3.289428 -1.768884 0.221638
0.078125 0.125000 -3.703480 -1.583113 0.247989
0.078125 0.140625 -4.051328 -1.364682 0.271110
0.078125 0.156250 -4.325536 -1.132757 0.290635
0.078125 0.171875 -4.530640 -0.904632 0.306509
0.078125 0.187500 -4.677428 -0.691238 0.318905
0.078125 0.203125 -4.777860 -0.496702 0.328110
0.078125 0.218750 -4.842195 -0.319918 0.334427
0.078125 0.234375 -4.877868 -0.156439 0.338107
0.078125 0.250000 -4.889277 0.000000 0.339315
0.078125 0.265625 -4.877868 0.156440 0.338107
0.078125 0.281250 -4.842195 0.319918 0.334427
0.078125 0.296875 -4.777860 0.496703 0.328110
0.078125 0.312500 -4.677428 0.691238 0.318905
0.078125 0.328125 -4.530640 0.904632 0.306509
0.078125 0.343750 -4.325536 1.132757 0.290635
0.078125 0.359375 -4.051328 1.364683 0.271110
0.078125 0.375000 -3.703480 1.583113 0.247988
0.078125 0.390625 -3.289428 1.768884 0.221638
0.078125 0.406250 -2.829417 1.909002 0.192711
0.078125 0.421875 -2.346972 2.001618 0.161981
0.078125 0.437500 -1.860676 2.054140 0.130160
0.078125 0.453125 -1.381323 2.078338 0.097789
0.078125 0.468750 -0.912698 2.086077 0.065212
0.078125 0.484375 -0.453628 2.086792 0.032600
0.093750 0.015625 -0.468885 -2.552638 0.039821
0.093750 0.031250 -0.947547 -2.562154 0.079770
0.093750 0.046875 -1.444504 -2.568911 0.119889
0.093750 0.062500 -1.965074 -2.558964 0.160048
0.093750 0.078125 -2.508156 -2.513214 0.199856
0.093750 0.093750 -3.061666 -2.410393 0.238586
0.093750 0.109375 -3.598378 -2.234339 0.275181
0.093750 0.125000 -4.077737 -1.985181 0.308409
0.093750 0.140625 -4.462139 -1.686479 0.337218
0.093750 0.156250 -4.743640 -1.373819 0.361112
0.093750 0.171875 -4.936394 -1.075856 0.380150
0.093750 0.187500 -5.061979 -0.807450 0.394732
0.093750 0.203125 -5.140368 -0.571681 0.405383
0.093750 0.218750 -5.186650 -0.364222 0.412597
0.093750 0.234375 -5.210766 -0.176928 0.416765
0.093750 0.250000 -5.218222 0.000000 0.418126
0.093750 0.265625 -5.210766 0.176929 0.416765
0.093750 0.281250 -5.186650 0.364222 0.412597
0.093750 0.296875 -5.140368 0.571681 0.405383
0.093750 0.312500 -5.061979 0.807451 0.394732
0.093750 0.328125 -4.936394 1.075856 0.380150
0.093750 0.343750 -4.743640 1.373820 0.361112
0.093750 0.359375 -4.462139 1.686480 0.337218
0.093750 0.375000 -4.077737 1.985181 0.308409
0.093750 0.390625 -3.598378 2.234339 0.275181
0.093750 0.406250 -3.061666 2.410393 0.238586
0.093750 0.421875 -2.508156 2.513214 0.199856
0.093750 0.437500 -1.965074 2.558963 0.160048
0.093750 0.453125 -1.444504 2.568910 0.119889
0.093750 0.468750 -0.947547 2.562153 0.079770
0.093750 0.484375 -0.468884 2.552637 0.039821
0.109375 0.015625 -0.477798 -3.034339 0.047252
0.109375 0.031250 -0.970835 -3.061697 0.094823
0.109375 0.046875 -1.493818 -3.095866 0.142930
0.109375 0.062500 -2.059254 -3.117792 0.191569
0.109375 0.078125 -2.673117 -3.098211 0.240361
0.109375 0.093750 -3.326081 -2.999224 0.288388
0.109375 0.109375 -3.980491 -2.784955 0.334087
0.109375 0.125000 -4.562708 -2.446874 0.375418
0.109375 0.140625 -4.991378 -2.030586 0.410552
0.109375 0.156250 -5.265801 -1.607012 0.438874
0.109375 0.171875 -5.424471 -1.222970 0.460771
0.109375 0.187500 -5.508779 -0.895211 0.477091
0.109375 0.203125 -5.549970 -0.621373 0.488746
0.109375 0.218750 -5.568215 -0.390316 0.496509
0.109375 0.234375 -5.575245 -0.188012 0.500944
0.109375 0.250000 -5.576990 0.000000 0.502385
0.109375 0.265625 -5.575245 0.188012 0.500944
0.109375 0.281250 -5.568215 0.390317 0.496509
0.109375 0.296875 -5.549970 0.621373 0.488746
0.109375 0.312500 -5.508779 0.895211 0.477091
0.109375 0.328125 -5.424471 1.222971 0.460771
0.109375 0.343750 -5.265801 1.607013 0.438874
0.109375 0.359375 -4.991379 2.030586 0.410552
0.109375 0.375000 -4.562708 2.446874 0.375418
0.109375 0.390625 -3.980491 2.784955 0.334087
0.109375 0.406250 -3.326081 2.999224 0.288388
0.109375 0.421875 -2.673117 3.098211 0.240361
0.109375 0.437500 -2.059254 3.117792 0.191569
0.109375 0.453125 -1.493818 3.095865 0.142930
0.109375 0.468750 -0.970835 3.061697 0.094823
0.109375 0.484375 -0.477798 3.034338 0.047252
0.125000 0.015625 -0.474725 -3.523473 0.054753
0.125000 0.031250 -0.970495 -3.578174 0.110109
0.125000 0.046875 -1.509655 -3.657329 0.166571
0.125000 0.062500 -2.115964 -3.738263 0.224400
0.125000 0.078125 -2.810960 -3.780041 0.283391
0.125000 0.093750 -3.600889 -3.717767 0.342526
0.125000 0.109375 -4.445399 -3.470966 0.399571
0.125000 0.125000 -5.209984 -2.996069 0.450994
0.125000 0.140625 -5.681934 -2.389572 0.493199
0.125000 0.156250 -5.909512 -1.806912 0.525668
0.125000 0.171875 -5.991832 -1.318834 0.549665
0.125000 0.187500 -6.003029 -0.932949 0.566882
0.125000 0.203125 -5.986456 -0.631117 0.578819
0.125000 0.218750 -5.964679 -0.389497 0.586604
0.125000 0.234375 -5.948545 -0.185703 0.590991
0.125000 0.250000 -5.942738 0.000000 0.592407
0.125000 0.265625 -5.948545 0.185704 0.590991
0.125000 0.281250 -5.964679 0.389497 0.586604
0.125000 0.296875 -5.986456 0.631117 0.578819
0.125000 0.312500 -6.003030 0.932949 0.566882
0.125000 0.328125 -5.991833 1.318835 0.549665
0.125000 0.343750 -5.909512 1.806912 0.525668
0.125000 0.359375 -5.681935 2.389573 0.493199
0.125000 0.375000 -5.209984 2.996069 0.450994
0.125000 0.390625 -4.445400 3.470966 0.399571
0.125000 0.406250 -3.600889 3.717767 0.342526
0.125000 0.421875 -2.810960 3.780041 0.283391
0.125000 0.437500 -2.115964 3.738263 0.224400
0.125000 0.453125 -1.509655 3.657329 0.166570
0.125000 0.468750 -0.970495 3.578173 0.110108
0.125000 0.484375 -0.474725 3.523472 0.054753
0.140625 0.015625 -0.453614 -4.004835 0.062087
0.140625 0.031250 -0.932534 -4.096627 0.125151
0.140625 0.046875 -1.466324 -4.241334 0.190107
0.140625 0.062500 -2.093237 -4.419097 0.257693
0.140625 0.078125 -2.862953 -4.583136 0.328204
0.140625 0.093750 -3.828195 -4.633664 0.400916
0.140625 0.109375 -4.993470 -4.394050 0.473006
0.140625 0.125000 -6.148432 -3.683409 0.538230
0.140625 0.140625 -6.611736 -2.730113 0.588112
0.140625 0.156250 -6.690903 -1.916910 0.623546
0.140625 0.171875 -6.621165 -1.316488 0.648016
0.140625 0.187500 -6.514870 -0.889834 0.664686
0.140625 0.203125 -6.417288 -0.583022 0.675823
0.140625 0.218750 -6.344209 -0.352406 0.682906
0.140625 0.234375 -6.299985 -0.166071 0.686836
0.140625 0.250000 -6.285259 0.000000 0.688095
0.140625 0.265625 -6.299985 0.166071 0.686836
0.140625 0.281250 -6.344210 0.352406 0.682906
0.140625 0.296875 -6.417289 0.583023 0.675823
0.140625 0.312500 -6.514870 0.889835 0.664686
0.140625 0.328125 -6.621165 1.316489 0.648016
0.140625 0.343750 -6.690904 1.916911 0.623546
0.140625 0.359375 -6.611737 2.730113 0.588112
0.140625 0.375000 -6.148433 3.683409 0.538230
0.140625 0.390625 -4.993471 4.394050 0.473006
0.140625 0.406250 -3.828195 4.633664 0.400916
0.140625 0.421875 -2.862954 4.583136 0.328204
0.140625 0.437500 -2.093237 4.419097 0.257693
0.140625 0.453125 -1.466324 4.241334 0.190107
0.140625 0.468750 -0.932534 4.096626 0.125151
0.140625 0.484375 -0.453614 4.004834 0.062087
0.156250 0.015625 -0.409921 -4.456007 0.068928
0.156250 0.031250 -0.844862 -4.590884 0.139250
0.156250 0.046875 -1.336802 -4.818032 0.212393
0.156250 0.062500 -1.935191 -5.134892 0.289814
0.156250 0.078125 -2.725467 -5.514999 0.372859
0.156250 0.093750 -3.857196 -5.848283 0.462157
0.156250 0.109375 -5.545941 -5.791203 0.555617
0.156250 0.125000 -7.763140 -4.614335 0.643133
0.156250 0.140625 -7.904458 -2.932044 0.699815
0.156250 0.156250 -7.596687 -1.816340 0.734759
0.156250 0.171875 -7.260587 -1.142801 0.756576
0.156250 0.187500 -6.990292 -0.729073 0.770471
0.156250 0.203125 -6.795094 -0.460456 0.779360
0.156250 0.218750 -6.665830 -0.272193 0.784861
0.156250 0.234375 -6.592571 -0.126753 0.787866
0.156250 0.250000 -6.568875 0.000000 0.788822
0.156250 0.265625 -6.592572 0.126753 0.787866
0.156250 0.281250 -6.665831 0.272193 0.784861
0.156250 0.296875 -6.795094 0.460456 0.779360
0.156250 0.312500 -6.990293 0.729073 0.770471
0.156250 0.328125 -7.260588 1.142801 0.756576
0.156250 0.343750 -7.596688 1.816341 0.734759
0.156250 0.359375 -7.904459 2.932044 0.699815
0.156250 0.375000 -7.763140 4.614335 0.643132
0.156250 0.390625 -5.545941 5.791204 0.555617
0.156250 0.406250 -3.857196 5.848284 0.462157
0.156250 0.421875 -2.725467 5.514999 0.372858
0.156250 0.437500 -1.935191 5.134892 0.289814
0.156250 0.453125 -1.336802 4.818032 0.212393
0.156250 0.468750 -0.844862 4.590883 0.139250
0.156250 0.484375 -0.409921 4.456006 0.068928
0.171875 0.015625 -0.343654 -4.849697 0.074897
0.171875 0.031250 -0.704800 -5.023508 0.151553
0.171875 0.046875 -1.106924 -5.331663 0.231882
0.171875 0.062500 -1.591512 -5.807762 0.318167
0.171875 0.078125 -2.250550 -6.505141 0.413375
0.171875 0.093750 -3.326875 -7.454138 0.521453
0.171875 0.109375 -5.555027 -8.299993 0.646316
0.171875 0.125000 -11.419759 -6.041926 0.780828
0.171875 0.140625 -9.605909 -2.563660 0.835127
0.171875 0.156250 -8.487716 -1.273040 0.860942
0.171875 0.171875 -7.789568 -0.710093 0.874909
0.171875 0.187500 -7.344915 -0.424340 0.883133
0.171875 0.203125 -7.060496 -0.258561 0.888170
0.171875 0.218750 -6.884459 -0.149884 0.891213
0.171875 0.234375 -6.788302 -0.069116 0.892854
0.171875 0.250000 -6.757706 0.000000 0.893373
0.171875 0.265625 -6.788303 0.069116 0.892854
0.171875 0.281250 -6.884459 0.149884 0.891213
0.171875 0.296875 -7.060496 0.258561 0.888170
0.171875 0.312500 -7.344915 0.424341 0.883133
0.171875 0.328125 -7.789569 0.710093 0.874909
0.171875 0.343750 -8.487716 1.273040 0.860942
0.171875 0.359375 -9.605909 2.563661 0.835127
0.171875 0.375000 -11.419760 6.041927 0.780828
0.171875 0.390625 -5.555027 8.299994 0.646316
0.171875 0.406250 -3.326876 7.454138 0.521453
0.171875 0.421875 -2.250550 6.505141 0.413374
0.171875 0.437500 -1.591512 5.807762 0.318167
0.171875 0.453125 -1.106924 5.331662 0.231882
0.171875 0.468750 -0.704800 5.023507 0.151553
0.171875 0.484375 -0.343654 4.849696 0.074897
0.187500 0.015625 -0.262094 -5.160806 0.079667
0.187500 0.031250 -0.527953 -5.354153 0.161275
0.187500 0.046875 -0.800279 -5.704745 0.246985
0.187500 0.062500 -1.079579 -6.278518 0.339548
0.187500 0.078125 -1.363001 -7.250362 0.443188
0.187500 0.093750 -1.643506 -9.152760 0.566122
0.187500 0.109375 -1.910057 -13.884087 0.729212
0.187500 0.125000 -2.149711 -8.665217 1.000000
0.187500 0.140625 -2.351668 -0.000000 1.000000
0.187500 0.156250 -2.511191 -0.000000 1.000000
0.187500 0.171875 -2.629896 -0.000000 1.000000
0.187500 0.187500 -2.713514 -0.000000 1.000000
0.187500 0.203125 -2.769241 -0.000000 1.000000
0.187500 0.218750 -2.803805 -0.000000 1.000000
0.187500 0.234375 -2.822404 -0.000000 1.000000
0.187500 0.250000 -2.828245 -0.000000 1.000000
0.187500 0.265625 -2.822404 -0.000000 1.000000
0.187500 0.281250 -2.803805 -0.000000 1.000000
0.187500 0.296875 -2.769241 -0.000000 1.000000
0.187500 0.312500 -2.713514 -0.000000 1.000000
0.187500 0.328125 -2.629897 -0.000000 1.000000
0.187500 0.343750 -2.511191 -0.000000 1.000000
0.187500 0.359375 -2.351669 -0.000000 1.000000
0.187500 0.375000 -2.149711 8.665217 1.000000
0.187500 0.390625 -1.910058 13.884088 0.729212
0.187500 0.406250 -1.643506 9.152760 0.566122
0.187500 0.421875 -1.363001 7.250362 0.443188
0.187500 0.437500 -1.079579 6.278518 0.339548
0.187500 0.453125 -0.800280 5.704745 0.246984
0.187500 0.468750 -0.527953 5.354152 0.161275
0.187500 0.484375 -0.262094 5.160805 0.079667
0.203125 0.015625 -0.178729 -5.377650 0.083088
0.203125 0.031250 -0.348503 -5.561693 0.168052
0.203125 0.046875 -0.492319 -5.883289 0.256891
0.203125 0.062500 -0.570791 -6.370483 0.351904
0.203125 0.078125 -0.487010 -7.069068 0.455968
0.203125 0.093750 0.016183 -8.001194 0.572813
0.203125 0.109375 1.697495 -8.806199 0.706006
0.203125 0.125000 7.071589 -6.483537 0.848006
0.203125 0.140625 4.848754 -2.925140 0.908616
0.203125 0.156250 3.412939 -1.551268 0.939417
0.203125 0.171875 2.483011 -0.912416 0.957093
0.203125 0.187500 1.878280 -0.563685 0.967930
0.203125 0.203125 1.489136 -0.348852 0.974708
0.203125 0.218750 1.249180 -0.203048 0.978832
0.203125 0.234375 1.119049 -0.093555 0.981054
0.203125 0.250000 1.077855 0.000000 0.981755
0.203125 0.265625 1.119049 0.093555 0.981054
0.203125 0.281250 1.249180 0.203048 0.978832
0.203125 0.296875 1.489136 0.348852 0.974708
0.203125 0.312500 1.878280 0.563685 0.967930
0.203125 0.328125 2.483011 0.912416 0.957093
0.203125 0.343750 3.412939 1.551268 0.939417
0.203125 0.359375 4.848754 2.925141 0.908616
0.203125 0.375000 7.071589 6.483537 0.848006
0.203125 0.390625 1.697495 8.806199 0.706006
0.203125 0.406250 0.016183 8.001195 0.572813
0.203125 0.421875 -0.487010 7.069068 0.455968
0.203125 0.437500 -0.570792 6.370483 0.351904
0.203125 0.453125 -0.492319 5.883289 0.256891
0.203125 0.468750 -0.348503 5.561692 0.168052
0.203125 0.484375 -0.178729 5.377649 0.083088
0.218750 0.015625 -0.105978 -5.509309 0.085253
0.218750 0.031250 -0.198413 -5.667743 0.172166
0.218750 0.046875 -0.255090 -5.927034 0.262369
0.218750 0.062500 -0.232247 -6.273210 0.357386
0.218750 0.078125 -0.042524 -6.663387 0.458407
0.218750 0.093750 0.477847 -6.968255 0.565617
0.218750 0.109375 1.574802 -6.828682 0.676165
0.218750 0.125000 3.263806 -5.513958 0.779013
0.218750 0.140625 2.980951 -3.658650 0.848476
0.218750 0.156250 2.362315 -2.365742 0.893346
0.218750 0.171875 1.814148 -1.534658 0.922406
0.218750 0.187500 1.407306 -0.993875 0.941304
0.218750 0.203125 1.128715 -0.629100 0.953464
0.218750 0.218750 0.951674 -0.370087 0.960963
0.218750 0.234375 0.854280 -0.171325 0.965030
0.218750 0.250000 0.823273 0.000000 0.966317
0.218750 0.265625 0.854280 0.171325 0.965030
0.218750 0.281250 0.951674 0.370087 0.960963
0.218750 0.296875 1.128715 0.629100 0.953464
0.218750 0.312500 1.407306 0.993875 0.941304
0.218750 0.328125 1.814148 1.534658 0.922406
0.218750 0.343750 2.362315 2.365743 0.893346
0.218750 0.359375 2.980951 3.658650 0.848476
0.218750 0.375000 3.263807 5.513958 0.779013
0.218750 0.390625 1.574802 6.828682 0.676165
0.218750 0.406250 0.477847 6.968256 0.565617
0.218750 0.421875 -0.042524 6.663387 0.458407
0.218750 0.437500 -0.232247 6.273210 0.357386
0.218750 0.453125 -0.255090 5.927033 0.262369
0.218750 0.468750 -0.198413 5.667742 0.172166
0.218750 0.484375 -0.105978 5.509308 0.085253
0.234375 0.015625 -0.047999 -5.576063 0.086400
0.234375 0.031250 -0.086676 -5.710805 0.174252
0.234375 0.046875 -0.101702 -5.917123 0.264862
0.234375 0.062500 -0.067455 -6.157918 0.359162
0.234375 0.078125 0.060191 -6.358974 0.457297
0.234375 0.093750 0.344273 -6.383868 0.557880
0.234375 0.109375 0.828370 -6.020239 0.656793
0.234375 0.125000 1.377308 -5.077387 0.746012
0.234375 0.140625 1.392340 -3.826632 0.815461
0.234375 0.156250 1.182312 -2.718071 0.865595
0.234375 0.171875 0.943850 -1.867425 0.900401
0.234375 0.187500 0.747199 -1.249117 0.923952
0.234375 0.203125 0.605334 -0.804484 0.939436
0.234375 0.218750 0.512763 -0.477483 0.949092
0.234375 0.234375 0.461173 -0.221956 0.954357
0.234375 0.250000 0.444661 0.000000 0.956028
0.234375 0.265625 0.461173 0.221956 0.954357
0.234375 0.281250 0.512763 0.477483 0.949092
0.234375 0.296875 0.605334 0.804484 0.939436
0.234375 0.312500 0.747199 1.249117 0.923952
0.234375 0.328125 0.943850 1.867425 0.900401
0.234375 0.343750 1.182312 2.718071 0.865595
0.234375 0.359375 1.392340 3.826632 0.815461
0.234375 0.375000 1.377308 5.077388 0.746012
0.234375 0.390625 0.828370 6.020240 0.656793
0.234375 0.406250 0.344273 6.383869 0.557880
0.234375 0.421875 0.060191 6.358974 0.457297
0.234375 0.437500 -0.067455 6.157918 0.359162
0.234375 0.453125 -0.101702 5.917123 0.264862
0.234375 0.468750 -0.086676 5.710804 0.174252
0.234375 0.484375 -0.047999 5.576062 0.086400
0.250000 0.015625 0.000000 -5.595985 0.086752
0.250000 0.031250 0.000000 -5.721446 0.174875
0.250000 0.046875 0.000000 -5.907813 0.265548
0.250000 0.062500 0.000000 -6.111317 0.359494
0.250000 0.078125 0.000000 -6.251659 0.456526
0.250000 0.093750 0.000000 -6.200076 0.554858
0.250000 0.109375 0.000000 -5.795647 0.650279
0.250000 0.125000 0.000000 -4.949987 0.735972
0.250000 0.140625 0.000000 -3.853645 0.804966
0.250000 0.156250 0.000000 -2.814233 0.856398
0.250000 0.171875 0.000000 -1.969771 0.892911
0.250000 0.187500 0.000000 -1.332391 0.917954
0.250000 0.203125 0.000000 -0.863537 0.934548
0.250000 0.218750 0.000000 -0.514248 0.944939
0.250000 0.234375 0.000000 -0.239427 0.950618
0.250000 0.250000 0.000000 0.000000 0.952421
0.250000 0.265625 0.000000 0.239427 0.950618
0.250000 0.281250 0.000000 0.514248 0.944939
0.250000 0.296875 0.000000 0.863537 0.934548
0.250000 0.312500 0.000000 1.332391 0.917954
0.250000 0.328125 0.000000 1.969772 0.892911
0.250000 0.343750 0.000000 2.814233 0.856398
0.250000 0.359375 0.000000 3.853646 0.804966
0.250000 0.375000 0.000000 4.949988 0.735972
0.250000 0.390625 0.000000 5.795647 0.650279
0.250000 0.406250 0.000000 6.200077 0.554858
0.250000 0.421875 0.000000 6.251659 0.456526
0.250000 0.437500 0.000000 6.111317 0.359494
0.250000 0.453125 0.000000 5.907813 0.265548
0.250000 0.468750 0.000000 5.721446 0.174874
0.250000 0.484375 0.000000 5.595984 0.086752
0.265625 0.015625 0.047999 -5.576063 0.086400
0.265625 0.031250 0.086676 -5.710805 0.174252
0.265625 0.046875 0.101702 -5.917123 0.264862
0.265625 0.062500 0.067455 -6.157918 0.359162
0.265625 0.078125 -0.060191 -6.358974 0.457297
0.265625 0.093750 -0.344273 -6.383868 0.557880
0.265625 0.109375 -0.828369 -6.020239 0.656793
0.265625 0.125000 -1.377307 -5.077387 0.746012
0.265625 0.140625 -1.392340 -3.826632 0.815461
0.265625 0.156250 -1.182312 -2.718071 0.865595
0.265625 0.171875 -0.943850 -1.867425 0.900401
0.265625 0.187500 -0.747199 -1.249117 0.923952
0.265625 0.203125 -0.605333 -0.804484 0.939436
0.265625 0.218750 -0.512763 -0.477483 0.949092
0.265625 0.234375 -0.461173 -0.221956 0.954357
0.265625 0.250000 -0.444661 0.000000 0.956028
0.265625 0.265625 -0.461173 0.221956 0.954357
0.265625 0.281250 -0.512763 0.477483 0.949092
0.265625 0.296875 -0.605333 0.804484 0.939436
0.265625 0.312500 -0.747199 1.249117 0.923952
0.265625 0.328125 -0.943850 1.867425 0.900401
0.265625 0.343750 -1.182312 2.718071 0.865595
0.265625 0.359375 -1.392340 3.826632 0.815461
0.265625 0.375000 -1.377308 5.077388 0.746012
0.265625 0.390625 -0.828370 6.020240 0.656793
0.265625 0.406250 -0.344273 6.383869 0.557880
0.265625 0.421875 -0.060191 6.358974 0.457297
0.265625 0.437500 0.067455 6.157918 0.359162
0.265625 0.453125 0.101702 5.917123 0.264862
0.265625 0.468750 0.086676 5.710804 0.174252
0.265625 0.484375 0.047999 5.576062 0.086400
0.281250 0.015625 0.105978 -5.509309 0.085253
0.281250 0.031250 0.198413 -5.667743 0.172166
0.281250 0.046875 0.255090 -5.927034 0.262369
0.281250 0.062500 0.232247 -6.273210 0.357386
0.281250 0.078125 0.042524 -6.663387 0.458407
0.281250 0.093750 -0.477847 -6.968255 0.565617
0.281250 0.109375 -1.574802 -6.828682 0.676165
0.281250 0.125000 -3.263806 -5.513958 0.779013
0.281250 0.140625 -2.980951 -3.658650 0.848476
0.281250 0.156250 -2.362315 -2.365742 0.893346
0.281250 0.171875 -1.814148 -1.534658 0.922406
0.281250 0.187500 -1.407306 -0.993875 0.941304
0.281250 0.203125 -1.128715 -0.629100 0.953464
0.281250 0.218750 -0.951674 -0.370087 0.960963
0.281250 0.234375 -0.854280 -0.171325 0.965030
0.281250 0.250000 -0.823273 0.000000 0.966317
0.281250 0.265625 -0.854280 0.171325 0.965030
0.281250 0.281250 -0.951674 0.370087 0.960963
0.281250 0.296875 -1.128715 0.629100 0.953464
0.281250 0.312500 -1.407306 0.993875 0.941304
0.281250 0.328125 -1.814148 1.534659 0.922406
0.281250 0.343750 -2.362315 2.365743 0.893346
0.281250 0.359375 -2.980951 3.658650 0.848476
0.281250 0.375000 -3.263807 5.513958 0.779013
0.281250 0.390625 -1.574802 6.828682 0.676165
0.281250 0.406250 -0.477847 6.968256 0.565617
0.281250 0.421875 0.042524 6.663387 0.458407
0.281250 0.437500 0.232247 6.273210 0.357386
0.281250 0.453125 0.255090 5.927033 0.262369
0.281250 0.468750 0.198413 5.667742 0.172166
0.281250 0.484375 0.105978 5.509308 0.085253
0.296875 0.015625 0.178729 -5.377650 0.083088
0.296875 0.031250 0.348503 -5.561693 0.168052
0.296875 0.046875 0.492319 -5.883289 0.256891
0.296875 0.062500 0.570791 -6.370483 0.351904
0.296875 0.078125 0.487010 -7.069068 0.455968
0.296875 0.093750 -0.016183 -8.001194 0.572813
0.296875 0.109375 -1.697495 -8.806199 0.706006
0.296875 0.125000 -7.071589 -6.483537 0.848006
0.296875 0.140625 -4.848754 -2.925140 0.908616
0.296875 0.156250 -3.412939 -1.551268 0.939417
0.296875 0.171875 -2.483011 -0.912416 0.957093
0.296875 0.187500 -1.878280 -0.563685 0.967930
0.296875 0.203125 -1.489136 -0.348852 0.974708
0.296875 0.218750 -1.249180 -0.203048 0.978832
0.296875 0.234375 -1.119049 -0.093555 0.981054
0.296875 0.250000 -1.077855 0.000000 0.981755
0.296875 0.265625 -1.119049 0.093555 0.981054
0.296875 0.281250 -1.249180 0.203048 0.978832
0.296875 0.296875 -1.489136 0.348852 0.974708
0.296875 0.312500 -1.878281 0.563685 0.967930
0.296875 0.328125 -2.483011 0.912416 0.957093
0.296875 0.343750 -3.412939 1.551268 0.939417
0.296875 0.359375 -4.848754 2.925141 0.908616
0.296875 0.375000 -7.071589 6.483537 0.848006
0.296875 0.390625 -1.697495 8.806199 0.706006
0.296875 0.406250 -0.016183 8.001195 0.572813
0.296875 0.421875 0.487010 7.069068 0.455968
0.296875 0.437500 0.570792 6.370483 0.351904
0.296875 0.453125 0.492319 5.883289 0.256891
0.296875 0.468750 0.348503 5.561692 0.168052
0.296875 0.484375 0.178729 5.377649 0.083088
0.312500 0.015625 0.262094 -5.160806 0.079667
0.312500 0.031250 0.527953 -5.354153 0.161275
0.312500 0.046875 0.800279 -5.704745 0.246985
0.312500 0.062500 1.079579 -6.278518 0.339548
0.312500 0.078125 1.363001 -7.250362 0.443188
0.312500 0.093750 1.643506 -9.152760 0.566122
0.312500 0.109375 1.910057 -13.884087 0.729212
0.312500 0.125000 2.149711 -8.665217 1.000000
0.312500 0.140625 2.351668 -0.000000 1.000000
0.312500 0.156250 2.511191 -0.000000 1.000000
0.312500 0.171875 2.629896 -0.000000 1.000000
0.312500 0.187500 2.713514 -0.000000 1.000000
0.312500 0.203125 2.769240 -0.000000 1.000000
0.312500 0.218750 2.803805 -0.000000 1.000000
0.312500 0.234375 2.822404 -0.000000 1.000000
0.312500 0.250000 2.828244 -0.000000 1.000000
0.312500 0.265625 2.822404 -0.000000 1.000000
0.312500 0.281250 2.803805 -0.000000 1.000000
0.312500 0.296875 2.769241 -0.000000 1.000000
0.312500 0.312500 2.713514 -0.000000 1.000000
0.312500 0.328125 2.629897 -0.000000 1.000000
0.312500 0.343750 2.511191 -0.000000 1.000000
0.312500 0.359375 2.351668 -0.000000 1.000000
0.312500 0.375000 2.149711 8.665217 1.000000
0.312500 0.390625 1.910058 13.884088 0.729212
0.312500 0.406250 1.643506 9.152760 0.566122
0.312500 0.421875 1.363001 7.250362 0.443188
0.312500 0.437500 1.079579 6.278518 0.339548
0.312500 0.453125 0.800280 5.704745 0.246984
0.312500 0.468750 0.527953 5.354152 0.161275
0.312500 0.484375 0.262094 5.160805 0.079667
0.328125 0.015625 0.343654 -4.849697 0.074897
0.328125 0.031250 0.704800 -5.023507 0.151553
0.328125 0.046875 1.106924 -5.331663 0.231882
0.328125 0.062500 1.591512 -5.807762 0.318167
0.328125 0.078125 2.250550 -6.505141 0.413375
0.328125 0.093750 3.326875 -7.454138 0.521453
0.328125 0.109375 5.555027 -8.299994 0.646316
0.328125 0.125000 11.419759 -6.041926 0.780828
0.328125 0.140625 9.605909 -2.563661 0.835127
0.328125 0.156250 8.487716 -1.273040 0.860942
0.328125 0.171875 7.789568 -0.710093 0.874909
0.328125 0.187500 7.344915 -0.424340 0.883133
0.328125 0.203125 7.060496 -0.258561 0.888170
0.328125 0.218750 6.884459 -0.149884 0.891213
0.328125 0.234375 6.788302 -0.069116 0.892854
0.328125 0.250000 6.757706 0.000000 0.893373
0.328125 0.265625 6.788303 0.069116 0.892854
0.328125 0.281250 6.884459 0.149884 0.891213
0.328125 0.296875 7.060496 0.258561 0.888170
0.328125 0.312500 7.344915 0.424341 0.883133
0.328125 0.328125 7.789569 0.710093 0.874909
0.328125 0.343750 8.487716 1.273040 0.860942
0.328125 0.359375 9.605910 2.563661 0.835127
0.328125 0.375000 11.419760 6.041927 0.780828
0.328125 0.390625 5.555027 8.299994 0.646316
0.328125 0.406250 3.326876 7.454138 0.521453
0.328125 0.421875 2.250551 6.505141 0.413374
0.328125 0.437500 1.591513 5.807762 0.318167
0.328125 0.453125 1.106924 5.331662 0.231882
0.328125 0.468750 0.704800 5.023507 0.151553
0.328125 0.484375 0.343654 4.849696 0.074897
0.343750 0.015625 0.409921 -4.456007 0.068928
0.343750 0.031250 0.844862 -4.590883 0.139250
0.343750 0.046875 1.336802 -4.818032 0.212393
0.343750 0.062500 1.935191 -5.134892 0.289814
0.343750 0.078125 2.725467 -5.514999 0.372859
0.343750 0.093750 3.857196 -5.848283 0.462157
0.343750 0.109375 5.545941 -5.791203 0.555617
0.343750 0.125000 7.763140 -4.614335 0.643133
0.343750 0.140625 7.904458 -2.932044 0.699815
0.343750 0.156250 7.596687 -1.816340 0.734759
0.343750 0.171875 7.260588 -1.142801 0.756576
0.343750 0.187500 6.990292 -0.729073 0.770471
0.343750 0.203125 6.795094 -0.460456 0.779360
0.343750 0.218750 6.665831 -0.272193 0.784861
0.343750 0.234375 6.592572 -0.126753 0.787866
0.343750 0.250000 6.568875 0.000000 0.788822
0.343750 0.265625 6.592572 0.126753 0.787866
0.343750 0.281250 6.665831 0.272193 0.784861
0.343750 0.296875 6.795094 0.460456 0.779360
0.343750 0.312500 6.990293 0.729073 0.770471
0.343750 0.328125 7.260588 1.142801 0.756576
0.343750 0.343750 7.596688 1.816341 0.734759
0.343750 0.359375 7.904459 2.932044 0.699815
0.343750 0.375000 7.763141 4.614335 0.643132
0.343750 0.390625 5.545942 5.791204 0.555617
0.343750 0.406250 3.857197 5.848284 0.462157
0.343750 0.421875 2.725467 5.514999 0.372858
0.343750 0.437500 1.935191 5.134892 0.289814
0.343750 0.453125 1.336802 4.818032 0.212393
0.343750 0.468750 0.844862 4.590883 0.139250
0.343750 0.484375 0.409921 4.456006 0.068928
0.359375 0.015625 0.453614 -4.004835 0.062087
0.359375 0.031250 0.932534 -4.096627 0.125151
0.359375 0.046875 1.466324 -4.241334 0.190107
0.359375 0.062500 2.093237 -4.419097 0.257693
0.359375 0.078125 2.862954 -4.583136 0.328204
0.359375 0.093750 3.828195 -4.633664 0.400916
0.359375 0.109375 4.993470 -4.394050 0.473006
0.359375 0.125000 6.148433 -3.683409 0.538230
0.359375 0.140625 6.611737 -2.730113 0.588112
0.359375 0.156250 6.690904 -1.916911 0.623546
0.359375 0.171875 6.621165 -1.316488 0.648016
0.359375 0.187500 6.514871 -0.889834 0.664686
0.359375 0.203125 6.417289 -0.583022 0.675823
0.359375 0.218750 6.344210 -0.352406 0.682906
0.359375 0.234375 6.299985 -0.166071 0.686836
0.359375 0.250000 6.285259 0.000000 0.688095
0.359375 0.265625 6.299986 0.166071 0.686836
0.359375 0.281250 6.344210 0.352406 0.682906
0.359375 0.296875 6.417289 0.583023 0.675823
0.359375 0.312500 6.514871 0.889835 0.664686
0.359375 0.328125 6.621166 1.316489 0.648016
0.359375 0.343750 6.690904 1.916911 0.623546
0.359375 0.359375 6.611737 2.730113 0.588112
0.359375 0.375000 6.148433 3.683409 0.538230
0.359375 0.390625 4.993471 4.394050 0.473006
0.359375 0.406250 3.828195 4.633664 0.400916
0.359375 0.421875 2.862954 4.583136 0.328204
0.359375 0.437500 2.093238 4.419097 0.257693
0.359375 0.453125 1.466324 4.241334 0.190107
0.359375 0.468750 0.932534 4.096626 0.125151
0.359375 0.484375 0.453614 4.004834 0.062087
0.375000 0.015625 0.474725 -3.523472 0.054753
0.375000 0.031250 0.970495 -3.578173 0.110109
0.375000 0.046875 1.509655 -3.657329 0.166571
0.375000 0.062500 2.115964 -3.738263 0.224400
0.375000 0.078125 2.810960 -3.780041 0.283391
0.375000 0.093750 3.600890 -3.717767 0.342526
0.375000 0.109375 4.445400 -3.470966 0.399571
0.375000 0.125000 5.209985 -2.996069 0.450994
0.375000 0.140625 5.681935 -2.389572 0.493199
0.375000 0.156250 5.909512 -1.806912 0.525668
0.375000 0.171875 5.991833 -1.318834 0.549665
0.375000 0.187500 6.003030 -0.932949 0.566882
0.375000 0.203125 5.986456 -0.631117 0.578819
0.375000 0.218750 5.964680 -0.389497 0.586604
0.375000 0.234375 5.948546 -0.185703 0.590991
0.375000 0.250000 5.942739 0.000000 0.592407
0.375000 0.265625 5.948546 0.185704 0.590991
0.375000 0.281250 5.964680 0.389497 0.586604
0.375000 0.296875 5.986457 0.631117 0.578819
0.375000 0.312500 6.003030 0.932949 0.566882
0.375000 0.328125 5.991833 1.318835 0.549665
0.375000 0.343750 5.909512 1.806912 0.525668
0.375000 0.359375 5.681935 2.389573 0.493199
0.375000 0.375000 5.209985 2.996069 0.450994
0.375000 0.390625 4.445400 3.470966 0.399571
0.375000 0.406250 3.600890 3.717767 0.342526
0.375000 0.421875 2.810960 3.780041 0.283391
0.375000 0.437500 2.115965 3.738262 0.224400
0.375000 0.453125 1.509655 3.657328 0.166570
0.375000 0.468750 0.970495 3.578172 0.110108
0.375000 0.484375 0.474725 3.523471 0.054753
0.390625 0.015625 0.477798 -3.034339 0.047252
0.390625 0.031250 0.970835 -3.061697 0.094823
0.390625 0.046875 1.493818 -3.095865 0.142930
0.390625 0.062500 2.059254 -3.117792 0.191569
0.390625 0.078125 2.673118 -3.098211 0.240361
0.390625 0.093750 3.326081 -2.999224 0.288388
0.390625 0.109375 3.980492 -2.784955 0.334087
0.390625 0.125000 4.562708 -2.446874 0.375418
0.390625 0.140625 4.991379 -2.030586 0.410552
0.390625 0.156250 5.265801 -1.607012 0.438874
0.390625 0.171875 5.424471 -1.222970 0.460771
0.390625 0.187500 5.508780 -0.895211 0.477091
0.390625 0.203125 5.549970 -0.621373 0.488746
0.390625 0.218750 5.568216 -0.390316 0.496509
0.390625 0.234375 5.575245 -0.188012 0.500944
0.390625 0.250000 5.576990 0.000000 0.502385
0.390625 0.265625 5.575245 0.188012 0.500944
0.390625 0.281250 5.568216 0.390317 0.496509
0.390625 0.296875 5.549970 0.621373 0.488746
0.390625 0.312500 5.508780 0.895211 0.477091
0.390625 0.328125 5.424472 1.222971 0.460771
0.390625 0.343750 5.265801 1.607013 0.438874
0.390625 0.359375 4.991379 2.030586 0.410552
0.390625 0.375000 4.562708 2.446874 0.375418
0.390625 0.390625 3.980492 2.784955 0.334087
0.390625 0.406250 3.326081 2.999224 0.288388
0.390625 0.421875 2.673117 3.098210 0.240361
0.390625 0.437500 2.059254 3.117792 0.191569
0.390625 0.453125 1.493818 3.095865 0.142930
0.390625 0.468750 0.970835 3.061696 0.094823
0.390625 0.484375 0.477798 3.034338 0.047252
0.406250 0.015625 0.468885 -2.552637 0.039821
0.406250 0.031250 0.947547 -2.562153 0.079770
0.406250 0.046875 1.444504 -2.568910 0.119889
0.406250 0.062500 1.965074 -2.558963 0.160048
0.406250 0.078125 2.508156 -2.513214 0.199856
0.406250 0.093750 3.061666 -2.410393 0.238586
0.406250 0.109375 3.598378 -2.234339 0.275181
0.406250 0.125000 4.077737 -1.985181 0.308409
0.406250 0.140625 4.462139 -1.686479 0.337218
0.406250 0.156250 4.743641 -1.373819 0.361112
0.406250 0.171875 4.936395 -1.075856 0.380150
0.406250 0.187500 5.061980 -0.807450 0.394732
0.406250 0.203125 5.140368 -0.571681 0.405383
0.406250 0.218750 5.186650 -0.364222 0.412597
0.406250 0.234375 5.210767 -0.176928 0.416765
0.406250 0.250000 5.218222 0.000000 0.418126
0.406250 0.265625 5.210767 0.176929 0.416765
0.406250 0.281250 5.186650 0.364222 0.412597
0.406250 0.296875 5.140368 0.571681 0.405383
0.406250 0.312500 5.061980 0.807451 0.394732
0.406250 0.328125 4.936395 1.075856 0.380150
0.406250 0.343750 4.743641 1.373820 0.361112
0.406250 0.359375 4.462139 1.686480 0.337218
0.406250 0.375000 4.077737 1.985181 0.308409
0.406250 0.390625 3.598378 2.234339 0.275181
0.406250 0.406250 3.061666 2.410393 0.238586
0.406250 0.421875 2.508156 2.513213 0.199856
0.406250 0.437500 1.965074 2.558963 0.160048
0.406250 0.453125 1.444504 2.568910 0.119889
0.406250 0.468750 0.947547 2.562153 0.079770
0.406250 0.484375 0.468884 2.552636 0.039821
0.421875 0.015625 0.453628 -2.086792 0.032600
0.421875 0.031250 0.912698 -2.086077 0.065212
0.421875 0.046875 1.381323 -2.078338 0.097789
0.421875 0.062500 1.860677 -2.054140 0.130160
0.421875 0.078125 2.346972 -2.001618 0.161981
0.421875 0.093750 2.829417 -1.909002 0.192711
0.421875 0.109375 3.289428 -1.768884 0.221638
0.421875 0.125000 3.703481 -1.583113 0.247989
0.421875 0.140625 4.051328 -1.364682 0.271110
0.421875 0.156250 4.325537 -1.132757 0.290635
0.421875 0.171875 4.530641 -0.904632 0.306509
0.421875 0.187500 4.677429 -0.691238 0.318905
0.421875 0.203125 4.777860 -0.496702 0.328110
0.421875 0.218750 4.842195 -0.319918 0.334427
0.421875 0.234375 4.877869 -0.156439 0.338107
0.421875 0.250000 4.889278 0.000000 0.339315
0.421875 0.265625 4.877868 0.156440 0.338107
0.421875 0.281250 4.842195 0.319918 0.334426
0.421875 0.296875 4.777860 0.496703 0.328110
0.421875 0.312500 4.677428 0.691238 0.318905
0.421875 0.328125 4.530641 0.904632 0.306509
0.421875 0.343750 4.325536 1.132757 0.290635
0.421875 0.359375 4.051328 1.364682 0.271110
0.421875 0.375000 3.703480 1.583113 0.247988
0.421875 0.390625 3.289428 1.768884 0.221638
0.421875 0.406250 2.829417 1.909002 0.192711
0.421875 0.421875 2.346972 2.001618 0.161981
0.421875 0.437500 1.860676 2.054140 0.130160
0.421875 0.453125 1.381323 2.078337 0.097789
0.421875 0.468750 0.912698 2.086077 0.065212
0.421875 0.484375 0.453628 2.086791 0.032600
0.437500 0.015625 0.436477 -1.639939 0.025646
0.437500 0.031250 0.875291 -1.634458 0.051248
0.437500 0.046875 1.317660 -1.620932 0.076722
0.437500 0.062500 1.762510 -1.593315 0.101902
0.437500 0.078125 2.205310 -1.544473 0.126513
0.437500 0.093750 2.637263 -1.467937 0.150167
0.437500 0.109375 3.045572 -1.360276 0.172386
0.437500 0.125000 3.415615 -1.223281 0.192676
0.437500 0.140625 3.735099 -1.064423 0.210614
0.437500 0.156250 3.998051 -0.894507 0.225939
0.437500 0.171875 4.205157 -0.723964 0.238567
0.437500 0.187500 4.361522 -0.560231 0.248563
0.437500 0.203125 4.473980 -0.406914 0.256075
0.437500 0.218750 4.549097 -0.264213 0.261279
0.437500 0.234375 4.592023 -0.129846 0.264331
0.437500 0.250000 4.605970 0.000000 0.265336
0.437500 0.265625 4.592023 0.129846 0.264331
0.437500 0.281250 4.549097 0.264214 0.261279
0.437500 0.296875 4.473980 0.406914 0.256075
0.437500 0.312500 4.361522 0.560231 0.248563
0.437500 0.328125 4.205157 0.723964 0.238567
0.437500 0.343750 3.998050 0.894507 0.225939
0.437500 0.359375 3.735099 1.064424 0.210614
0.437500 0.375000 3.415615 1.223281 0.192676
0.437500 0.390625 3.045571 1.360276 0.172386
0.437500 0.406250 2.637262 1.467937 0.150167
0.437500 0.421875 2.205309 1.544472 0.126513
0.437500 0.437500 1.762510 1.593314 0.101902
0.437500 0.453125 1.317659 1.620931 0.076722
0.437500 0.468750 0.875290 1.634457 0.051248
0.437500 0.484375 0.436477 1.639939 0.025646
0.453125 0.015625 0.420589 -1.211502 0.018960
0.453125 0.031250 0.841456 -1.204895 0.037859
0.453125 0.046875 1.262025 -1.191118 0.056613
0.453125 0.062500 1.680057 -1.166490 0.075082
0.453125 0.078125 2.090999 -1.126866 0.093065
0.453125 0.093750 2.487731 -1.068740 0.110296
0.453125 0.109375 2.861040 -0.990531 0.126464
0.453125 0.125000 3.201075 -0.893585 0.141251
0.453125 0.140625 3.499550 -0.782246 0.154388
0.453125 0.156250 3.751667 -0.662699 0.165696
0.453125 0.171875 3.956547 -0.541161 0.175097
0.453125 0.187500 4.116327 -0.422414 0.182607
0.453125 0.203125 4.234742 -0.309127 0.188298
0.453125 0.218750 4.315825 -0.201876 0.192267
0.453125 0.234375 4.362986 -0.099567 0.194606
0.453125 0.250000 4.378449 0.000000 0.195379
0.453125 0.265625 4.362986 0.099567 0.194606
0.453125 0.281250 4.315825 0.201876 0.192267
0.453125 0.296875 4.234742 0.309128 0.188298
0.453125 0.312500 4.116327 0.422415 0.182607
0.453125 0.328125 3.956547 0.541161 0.175097
0.453125 0.343750 3.751666 0.662699 0.165696
0.453125 0.359375 3.499549 0.782247 0.154388
0.453125 0.375000 3.201074 0.893585 0.141250
0.453125 0.390625 2.861039 0.990531 0.126463
0.453125 0.406250 2.487731 1.068740 0.110296
0.453125 0.421875 2.090998 1.126866 0.093065
0.453125 0.437500 1.680056 1.166490 0.075082
0.453125 0.453125 1.262024 1.191118 0.056613
0.453125 0.468750 0.841456 1.204894 0.037859
0.453125 0.484375 0.420589 1.211501 0.018960
0.468750 0.015625 0.408035 -0.798483 0.012502
0.468750 0.031250 0.815088 -0.793022 0.024953
0.468750 0.046875 1.219538 -0.782331 0.037284
0.468750 0.062500 1.618569 -0.764341 0.049400
0.468750 0.078125 2.007803 -0.736798 0.061170
0.468750 0.093750 2.381266 -0.697896 0.072425
0.468750 0.109375 2.731839 -0.646932 0.082979
0.468750 0.125000 3.052230 -0.584772 0.092642
0.468750 0.140625 3.336247 -0.513831 0.101253
0.468750 0.156250 3.579859 -0.437509 0.108699
0.468750 0.171875 3.781546 -0.359303 0.114925
0.468750 0.187500 3.941918 -0.282036 0.119927
0.468750 0.203125 4.062933 -0.207416 0.123739
0.468750 0.218750 4.147042 -0.135970 0.126409
0.468750 0.234375 4.196483 -0.067222 0.127988
0.468750 0.250000 4.212783 0.000000 0.128510
0.468750 0.265625 4.196483 0.067222 0.127988
0.468750 0.281250 4.147042 0.135970 0.126409
0.468750 0.296875 4.062933 0.207416 0.123739
0.468750 0.312500 3.941918 0.282036 0.119927
0.468750 0.328125 3.781546 0.359304 0.114925
0.468750 0.343750 3.579859 0.437509 0.108699
0.468750 0.359375 3.336246 0.513832 0.101253
0.468750 0.375000 3.052229 0.584772 0.092642
0.468750 0.390625 2.731838 0.646932 0.082979
0.468750 0.406250 2.381265 0.697896 0.072425
0.468750 0.421875 2.007802 0.736798 0.061170
0.468750 0.437500 1.618568 0.764340 0.049400
0.468750 0.453125 1.219537 0.782331 0.037284
0.468750 0.468750 0.815088 0.793022 0.024953
0.468750 0.484375 0.408035 0.798483 0.012502
0.484375 0.015625 0.400068 -0.396414 0.006209
0.484375 0.031250 0.798483 -0.393392 0.012388
0.484375 0.046875 1.193090 -0.387638 0.018502
0.484375 0.062500 1.580814 -0.378225 0.024502
0.484375 0.078125 1.957431 -0.364169 0.030322
0.484375 0.093750 2.317612 -0.344704 0.035882
0.484375 0.109375 2.655326 -0.319567 0.041094
0.484375 0.125000 2.964544 -0.289177 0.045868
0.484375 0.140625 3.240098 -0.254617 0.050130
0.484375 0.156250 3.478376 -0.217400 0.053825
0.484375 0.171875 3.677607 -0.179101 0.056924
0.484375 0.187500 3.837679 -0.141027 0.059422
0.484375 0.203125 3.959643 -0.104003 0.061331
0.484375 0.218750 4.045095 -0.068326 0.062672
0.484375 0.234375 4.095613 -0.033826 0.063466
0.484375 0.250000 4.112317 0.000000 0.063729
0.484375 0.265625 4.095613 0.033826 0.063466
0.484375 0.281250 4.045095 0.068327 0.062672
0.484375 0.296875 3.959643 0.104004 0.061331
0.484375 0.312500 3.837679 0.141027 0.059422
0.484375 0.328125 3.677606 0.179101 0.056924
0.484375 0.343750 3.478375 0.217400 0.053825
0.484375 0.359375 3.240097 0.254617 0.050130
0.484375 0.375000 2.964544 0.289177 0.045868
0.484375 0.390625 2.655326 0.319567 0.041094
0.484375 0.406250 2.317612 0.344704 0.035882
0.484375 0.421875 1.957430 0.364169 0.030322
0.484375 0.437500 1.580814 0.378225 0.024502
0.484375 0.453125 1.193090 0.387638 0.018502
0.484375 0.468750 0.798483 0.393392 0.012388
0.484375 0.484375 0.400068 0.396413 0.006208
